	T[s]	Bpos[mm]	BamFile
0	0.02	0.0	106538607064200.jpg
1	1.06	0.074	
2	2.08	0.248	
3	3.13	0.422	
4	4.18	0.541	
5	5.23	0.716	
6	6.28	0.894	
7	7.33	1.069	
8	8.37	1.242	
9	9.41	1.417	
10	10.46	1.591	
11	11.51	1.766	
12	12.57	1.941	
13	13.61	2.115	
14	14.66	2.29	
15	15.71	2.465	106538607245800.jpg
16	16.77	2.641	
17	17.82	2.816	
18	18.87	2.99	
19	19.91	3.165	
20	20.96	3.34	
21	22.01	3.515	
22	23.06	3.689	
23	24.11	3.864	
24	25.16	4.039	
25	26.21	4.215	
26	27.26	4.39	
27	28.3	4.563	
28	29.35	4.738	
29	30.4	4.913	106538607415800.jpg
30	31.46	5.089	
31	32.51	5.264	
32	33.55	5.438	
33	34.61	5.613	
34	35.65	5.788	
35	36.7	5.963	
36	37.75	6.139	
37	38.8	6.313	
38	39.85	6.488	
39	40.9	6.662	
40	41.95	6.838	
41	43.0	7.014	
42	44.05	7.188	
43	45.1	7.361	106538607585900.jpg
44	46.17	7.541	
45	47.22	7.715	
46	48.27	7.889	
47	49.31	8.064	
48	50.36	8.24	
49	51.41	8.415	
50	52.46	8.589	
51	53.51	8.763	
52	54.56	8.939	
53	55.61	9.114	
54	56.66	9.289	
55	57.71	9.463	
56	58.75	9.638	
57	59.8	9.813	106538607756100.jpg
58	60.86	9.988	
59	61.91	10.163	
60	62.95	10.338	
61	64.0	10.512	
62	65.05	10.688	
63	66.1	10.863	
64	67.15	11.038	
65	68.2	11.213	
66	69.25	11.388	
67	70.3	11.562	
68	71.35	11.737	
69	72.4	11.912	
70	73.45	12.087	
71	74.5	12.262	
72	75.55	12.436	106538607938300.jpg
73	76.56	12.605	
74	77.61	12.78	
75	78.66	12.955	
76	79.7	13.129	
77	80.75	13.304	
78	81.8	13.479	
79	82.85	13.654	
80	83.9	13.829	
81	84.95	14.004	
82	86.0	14.179	
83	87.05	14.354	
84	88.1	14.527	
85	89.15	14.703	
86	90.2	14.878	106538608107900.jpg
87	91.23	15.049	
88	92.28	15.224	
89	93.32	15.399	
90	94.38	15.574	
91	95.42	15.748	
92	96.47	15.923	
93	97.52	16.098	
94	98.57	16.273	
95	99.61	16.447	
96	100.67	16.623	
97	101.72	16.798	
98	102.77	16.973	
99	103.82	17.148	
100	104.86	17.322	106538608277600.jpg
101	105.87	17.491	
102	106.92	17.665	
103	107.97	17.841	
104	109.02	18.015	
105	110.07	18.19	
106	111.12	18.364	
107	112.17	18.54	
108	113.22	18.714	
109	114.27	18.889	
110	115.32	19.064	
111	116.36	19.238	
112	117.41	19.413	
113	118.46	19.588	
114	119.51	19.763	
115	120.56	19.938	106538608459300.jpg
116	121.56	20.104	
117	122.61	20.28	
118	123.66	20.453	
119	124.7	20.629	
120	125.75	20.803	
121	126.8	20.979	
122	127.85	21.152	
123	128.9	21.329	
124	129.96	21.503	
125	131.01	21.679	
126	132.06	21.854	
127	133.11	22.029	
128	134.16	22.204	
129	135.2	22.378	106538608628800.jpg
130	136.26	22.555	
131	137.31	22.728	
132	138.36	22.904	
133	139.4	23.077	
134	140.45	23.253	
135	141.5	23.426	
136	142.55	23.603	
137	143.6	23.776	
138	144.65	23.953	
139	145.7	24.127	
140	146.75	24.302	
141	147.79	24.476	
142	148.85	24.651	
143	149.89	24.826	106538608798800.jpg
144	150.95	25.001	
145	152.0	25.178	
146	153.05	25.351	
147	154.1	25.528	
148	155.15	25.701	
149	156.2	25.877	
150	157.25	26.051	
151	158.3	26.227	
152	159.35	26.401	
153	160.39	26.576	
154	161.44	26.751	
155	162.49	26.926	
156	163.54	27.101	
157	164.59	27.274	
158	165.64	27.45	106538608981000.jpg
159	166.64	27.618	
160	167.69	27.791	
161	168.74	27.967	
162	169.79	28.141	
163	170.84	28.318	
164	171.9	28.494	
165	172.91	28.661	
166	173.98	28.841	
167	174.98	29.008	
168	175.99	29.175	
169	176.99	29.341	
170	177.99	29.508	
171	178.99	29.675	
172	179.99	29.841	106538609147200.jpg
173	181.03	30.015	
174	182.03	30.182	
175	183.04	30.348	
176	184.04	30.516	
177	185.04	30.683	
178	186.05	30.851	
179	187.05	31.018	
180	188.05	31.186	
181	189.06	31.352	
182	190.13	31.531	
183	191.14	31.698	
184	192.14	31.866	
185	193.14	32.033	
186	194.14	32.2	
187	195.15	32.367	106538609322600.jpg
188	196.16	32.536	
189	197.16	32.703	
190	198.16	32.87	
191	199.17	33.037	
192	200.25	33.217	
193	201.25	33.385	
194	202.25	33.551	
195	203.25	33.719	
196	204.26	33.886	
197	205.26	34.053	
198	206.27	34.22	
199	207.27	34.387	
200	208.27	34.554	
201	209.27	34.721	
202	210.35	34.901	106538609498500.jpg
203	211.4	35.076	
204	212.4	35.244	
205	213.41	35.41	
206	214.48	35.59	
207	215.49	35.756	
208	216.49	35.924	
209	217.49	36.09	
210	218.49	36.257	
211	219.49	36.424	
212	220.5	36.592	
213	221.5	36.759	
214	222.5	36.926	
215	223.58	37.106	
216	224.58	37.272	
217	225.58	37.439	106538609674800.jpg
218	226.62	37.613	
219	227.62	37.78	
220	228.62	37.946	
221	229.63	38.113	
222	230.63	38.279	
223	231.63	38.447	
224	232.63	38.614	
225	233.64	38.782	
226	234.64	38.95	
227	235.65	39.117	
228	236.65	39.283	
229	237.65	39.45	
230	238.65	39.617	
231	239.65	39.784	
232	240.66	39.95	106538609849300.jpg
233	241.67	40.12	
234	242.67	40.288	
235	243.67	40.454	
236	244.75	40.633	
237	245.75	40.801	
238	246.75	40.967	
239	247.76	41.134	
240	248.76	41.302	
241	249.76	41.468	
242	250.76	41.636	
243	251.77	41.804	
244	252.85	41.984	
245	253.85	42.151	
246	254.85	42.317	106538610013600.jpg
247	255.86	42.485	
248	256.86	42.652	
249	257.87	42.819	
250	258.87	42.986	
251	259.88	43.155	
252	260.88	43.322	
253	261.88	43.489	
254	262.89	43.655	
255	263.89	43.822	
256	264.89	43.989	
257	265.89	44.156	
258	266.89	44.324	
259	267.9	44.491	
260	268.9	44.659	
261	269.98	44.838	106538610188600.jpg
262	270.99	45.006	
263	271.99	45.172	
264	272.99	45.34	
265	274.0	45.508	
266	275.0	45.675	
267	276.0	45.842	
268	277.0	46.009	
269	278.01	46.176	
270	279.01	46.344	
271	280.01	46.511	
272	281.01	46.678	
273	282.02	46.844	
274	283.02	47.011	
275	284.02	47.178	
276	285.02	47.345	106538610362800.jpg
277	286.07	47.52	
278	287.08	47.688	
279	288.08	47.855	
280	289.08	48.022	
281	290.08	48.189	
282	291.09	48.356	
283	292.09	48.523	
284	293.1	48.69	
285	294.1	48.858	
286	295.1	49.025	
287	296.1	49.193	
288	297.1	49.36	
289	298.18	49.539	
290	299.18	49.706	
291	300.19	49.872	106538610538300.jpg
292	301.19	50.04	
293	302.19	50.207	
294	303.2	50.374	
295	304.2	50.541	
296	305.2	50.709	
297	306.28	50.889	
298	307.28	51.055	
299	308.36	51.235	106538610632900.jpg
300	309.37	51.404	
301	310.38	51.571	
302	311.38	51.738	
303	312.38	51.906	
304	313.38	52.073	
305	314.39	52.24	
306	315.39	52.406	
307	316.39	52.573	
308	317.39	52.74	
309	318.39	52.906	
310	319.39	53.073	
311	320.4	53.241	
312	321.47	53.421	
313	322.48	53.588	
314	323.48	53.755	
315	324.48	53.922	
316	325.48	54.089	
317	326.48	54.256	
318	327.49	54.422	
319	328.49	54.589	
320	329.49	54.757	
321	330.49	54.923	
322	331.5	55.09	
323	332.5	55.258	
324	333.5	55.425	
325	334.5	55.593	
326	335.51	55.76	
327	336.51	55.926	
328	337.51	56.093	
329	338.52	56.26	106538610981900.jpg
330	339.52	56.427	
331	340.52	56.595	
332	341.52	56.762	
333	342.53	56.929	
334	343.53	57.097	
335	344.54	57.264	
336	345.54	57.431	
337	346.54	57.597	
338	347.54	57.764	
339	348.54	57.931	
340	349.54	58.098	
341	350.55	58.265	
342	351.55	58.433	
343	352.55	58.6	
344	353.55	58.767	
345	354.55	58.934	
346	355.56	59.101	
347	356.56	59.269	
348	357.57	59.435	
349	358.57	59.601	
350	359.57	59.769	
351	360.57	59.936	
352	361.57	60.103	
353	362.58	60.271	
354	363.58	60.439	
355	364.58	60.605	
356	365.58	60.771	
357	366.59	60.938	
358	367.66	61.118	
359	368.66	61.285	106538611330900.jpg
360	369.7	61.458	
361	370.7	61.625	
362	371.7	61.791	
363	372.7	61.958	
364	373.7	62.124	
365	374.78	62.304	
366	375.78	62.472	
367	376.78	62.639	
368	377.79	62.806	
369	378.79	62.973	
370	379.79	63.14	
371	380.87	63.319	
372	381.87	63.486	
373	382.87	63.653	
374	383.87	63.82	
375	384.88	63.986	
376	385.88	64.154	
377	386.88	64.321	
378	387.88	64.489	
379	388.89	64.657	
380	389.89	64.823	
381	390.89	64.99	
382	391.9	65.157	
383	392.97	65.336	
384	393.98	65.503	
385	394.98	65.671	
386	396.06	65.851	
387	397.06	66.019	
388	398.06	66.185	106538611671100.jpg
389	399.07	66.353	
390	400.08	66.52	
391	401.08	66.687	
392	402.08	66.855	
393	403.08	67.021	
394	404.08	67.189	
395	405.09	67.355	
396	406.17	67.535	
397	407.17	67.702	
398	408.17	67.869	
399	409.17	68.037	
400	410.17	68.203	
401	411.18	68.37	
402	412.18	68.537	
403	413.19	68.705	
404	414.19	68.872	
405	415.19	69.04	
406	416.2	69.207	
407	417.2	69.374	
408	418.2	69.541	
409	419.2	69.707	
410	420.28	69.886	
411	421.28	70.053	
412	422.36	70.234	
413	423.36	70.401	
414	424.36	70.569	
415	425.37	70.735	
416	426.45	70.915	
417	427.45	71.081	
418	428.45	71.249	106538612022800.jpg
419	429.46	71.417	
420	430.46	71.584	
421	431.47	71.752	
422	432.47	71.919	
423	433.47	72.086	
424	434.47	72.253	
425	435.48	72.421	
426	436.48	72.587	
427	437.49	72.754	
428	438.49	72.922	
429	439.49	73.089	
430	440.49	73.256	
431	441.5	73.424	
432	442.5	73.591	
433	443.51	73.758	
434	444.58	73.937	
435	445.58	74.104	
436	446.58	74.27	
437	447.59	74.438	
438	448.59	74.605	
439	449.59	74.772	
440	450.59	74.939	
441	451.59	75.106	
442	452.59	75.273	
443	453.6	75.44	
444	454.6	75.607	
445	455.6	75.774	
446	456.61	75.941	
447	457.61	76.107	
448	458.61	76.274	106538612371900.jpg
449	459.62	76.444	
450	460.62	76.61	
451	461.62	76.778	
452	462.63	76.945	
453	463.63	77.112	
454	464.63	77.279	
455	465.71	77.457	
456	466.79	77.638	
457	467.79	77.805	
458	468.79	77.972	
459	469.79	78.14	
460	470.8	78.307	
461	471.8	78.473	
462	472.8	78.64	
463	473.8	78.806	
464	474.8	78.973	
465	475.81	79.141	
466	476.81	79.308	
467	477.81	79.475	
468	478.81	79.642	
469	479.81	79.809	
470	480.82	79.976	
471	481.82	80.142	
472	482.82	80.31	
473	483.82	80.477	
474	484.83	80.644	
475	485.83	80.811	
476	486.83	80.978	
477	487.84	81.145	106538612710200.jpg
478	488.87	81.318	
479	489.88	81.485	
480	490.88	81.653	
481	491.88	81.82	
482	492.89	81.987	
483	493.89	82.154	
484	494.89	82.321	
485	495.89	82.488	
486	496.9	82.655	
487	497.9	82.823	
488	498.9	82.99	
489	499.91	83.157	
490	500.91	83.324	
491	501.91	83.491	
492	502.92	83.658	
493	503.92	83.825	
494	504.92	83.993	
495	505.93	84.16	
496	506.93	84.327	
497	507.93	84.494	
498	508.93	84.661	
499	510.01	84.841	
500	511.01	85.007	
501	512.01	85.175	
502	513.02	85.341	
503	514.02	85.508	
504	515.02	85.676	
505	516.03	85.843	
506	517.03	86.011	
507	518.04	86.178	106538613059700.jpg
508	519.05	86.347	
509	520.05	86.514	
510	521.05	86.681	
511	522.06	86.849	
512	523.07	87.016	
513	524.07	87.184	
514	525.07	87.351	
515	526.08	87.518	
516	527.08	87.685	
517	528.09	87.852	
518	529.09	88.02	
519	530.1	88.188	
520	531.1	88.355	
521	532.1	88.522	
522	533.1	88.689	
523	534.11	88.856	
524	535.11	89.024	
525	536.11	89.191	
526	537.12	89.358	
527	538.12	89.525	
528	539.12	89.692	
529	540.12	89.859	
530	541.13	90.025	
531	542.13	90.193	
532	543.14	90.361	
533	544.14	90.528	
534	545.14	90.696	
535	546.15	90.862	
536	547.15	91.029	
537	548.15	91.197	106538613408300.jpg
538	549.19	91.369	
539	550.19	91.536	
540	551.19	91.703	106538613443400.jpg
541	564.74	93.95	106538613600300.jpg
542	565.75	94.13	106538613612000.jpg
543	566.75	94.298	106538613623600.jpg
544	567.77	94.466	106538613635300.jpg
545	568.78	94.634	106538613647000.jpg
546	569.81	94.807	106538613659000.jpg
547	570.85	94.979	106538613671000.jpg
548	571.88	95.152	
549	572.89	95.318	
550	573.89	95.485	
551	574.89	95.654	
552	575.97	95.833	106538613730300.jpg
553	577.0	96.005	
554	578.0	96.172	
555	579.01	96.339	
556	580.01	96.507	
557	581.01	96.674	106538613788600.jpg
558	582.03	96.842	
559	583.03	97.009	
560	584.03	97.177	
561	585.04	97.344	
562	586.04	97.511	106538613846800.jpg
563	587.07	97.682	
564	588.07	97.849	
565	589.07	98.017	
566	590.08	98.184	
567	591.08	98.352	106538613905200.jpg
568	592.09	98.52	
569	593.1	98.688	
570	594.1	98.855	
571	595.18	99.034	
572	596.18	99.201	106538613964200.jpg
573	597.19	99.37	
574	598.19	99.537	
575	599.2	99.705	
576	600.2	99.871	
577	601.21	100.038	106538614022300.jpg
578	602.22	100.207	
579	603.22	100.374	
580	604.23	100.542	
581	609.75	100.183	106538614121300.jpg
582	610.81	100.12	106538614133500.jpg
583	611.87	99.942	
584	612.9	99.77	
585	613.93	99.599	
586	614.96	99.428	
587	615.99	99.256	106538614193400.jpg
588	617.07	99.076	
589	618.09	98.905	
590	619.12	98.733	
591	620.15	98.561	
592	621.18	98.39	106538614253600.jpg
593	622.26	98.211	
594	623.29	98.039	
595	624.32	97.867	
596	625.35	97.695	
597	626.38	97.524	106538614313700.jpg
598	627.43	97.35	
599	628.46	97.178	
600	629.49	97.006	
601	630.52	96.834	
602	631.55	96.662	106538614373600.jpg
603	632.62	96.485	
604	633.64	96.314	
605	634.67	96.142	
606	635.71	95.97	106538614421700.jpg
607	636.76	95.794	
608	637.79	95.622	
609	638.82	95.451	
610	639.85	95.279	
611	640.89	95.107	106538614481600.jpg
612	641.95	94.93	
613	642.98	94.758	
614	644.01	94.587	
615	645.04	94.415	
616	646.07	94.243	106538614541600.jpg
617	647.1	94.07	
618	648.14	93.898	
619	649.17	93.727	
620	650.2	93.555	
621	651.23	93.382	106538614601300.jpg
622	652.27	93.209	
623	653.3	93.037	
624	654.33	92.865	
625	655.37	92.694	
626	656.4	92.522	106538614661100.jpg
627	657.4	92.354	
628	658.43	92.182	
629	659.47	92.01	
630	660.5	91.838	
631	661.53	91.666	106538614720600.jpg
632	662.58	91.491	
633	663.61	91.319	
634	664.65	91.147	
635	665.68	90.975	106538614768500.jpg
636	666.71	90.803	
637	667.74	90.631	
638	668.77	90.46	
639	669.8	90.288	
640	670.84	90.115	106538614828300.jpg
641	671.88	89.941	
642	672.91	89.769	
643	673.94	89.598	
644	674.97	89.426	
645	676.0	89.254	106538614888100.jpg
646	677.06	89.078	
647	678.09	88.906	
648	679.12	88.734	
649	680.16	88.562	
650	681.19	88.391	106538614948000.jpg
651	682.23	88.217	
652	683.26	88.046	
653	684.29	87.873	
654	685.32	87.702	
655	686.35	87.53	106538615007800.jpg
656	687.36	87.362	
657	688.39	87.19	
658	689.42	87.018	
659	690.45	86.846	
660	691.48	86.674	106538615067200.jpg
661	692.54	86.499	
662	693.57	86.328	
663	694.6	86.156	
664	695.62	85.985	
665	696.65	85.813	106538615127100.jpg
666	697.69	85.64	
667	698.72	85.468	
668	699.75	85.296	
669	700.78	85.125	106538615174800.jpg
670	701.82	84.952	
671	702.85	84.78	
672	703.88	84.609	
673	704.91	84.437	
674	705.94	84.265	106538615234500.jpg
675	706.98	84.092	
676	708.01	83.921	
677	709.04	83.75	
678	710.06	83.578	
679	711.09	83.406	106538615294200.jpg
680	712.13	83.233	
681	713.16	83.062	
682	714.19	82.89	
683	715.22	82.719	
684	716.25	82.547	106538615353800.jpg
685	717.28	82.375	
686	718.31	82.203	
687	719.34	82.031	
688	720.37	81.86	
689	721.4	81.689	106538615413500.jpg
690	722.44	81.516	
691	723.46	81.344	
692	724.49	81.173	
693	725.52	81.002	
694	726.55	80.83	106538615473100.jpg
695	727.6	80.657	
696	728.63	80.485	
697	729.66	80.312	
698	730.68	80.141	106538615520900.jpg
699	731.72	79.969	
700	732.75	79.797	
701	733.78	79.625	
702	734.81	79.454	
703	735.84	79.283	106538615580600.jpg
704	736.9	79.106	
705	737.93	78.934	
706	738.96	78.762	
707	739.99	78.59	
708	741.02	78.419	106538615640500.jpg
709	742.06	78.246	
710	743.08	78.074	
711	744.11	77.903	
712	745.14	77.732	
713	746.17	77.561	106538615700200.jpg
714	747.21	77.388	
715	748.24	77.216	
716	749.27	77.046	
717	750.3	76.872	
718	751.33	76.7	106538615759900.jpg
719	752.36	76.529	
720	753.39	76.357	
721	754.42	76.185	
722	755.45	76.014	
723	756.48	75.843	106538615819500.jpg
724	757.51	75.67	
725	758.54	75.498	
726	759.57	75.327	
727	760.6	75.155	
728	761.63	74.983	106538615879200.jpg
729	762.66	74.812	
730	763.69	74.641	
731	764.73	74.468	
732	765.75	74.296	106538615926800.jpg
733	766.82	74.118	
734	767.85	73.947	
735	768.88	73.776	
736	769.91	73.604	
737	770.94	73.432	106538615986900.jpg
738	771.98	73.26	
739	773.01	73.088	
740	774.04	72.916	
741	775.07	72.744	
742	776.1	72.574	106538616046500.jpg
743	777.13	72.402	
744	778.16	72.229	
745	779.19	72.058	
746	780.22	71.886	
747	781.25	71.714	106538616106200.jpg
748	782.3	71.541	
749	783.32	71.369	
750	784.35	71.197	
751	785.38	71.026	
752	786.41	70.854	106538616165900.jpg
753	787.46	70.679	
754	788.49	70.508	
755	789.52	70.337	
756	790.55	70.165	
757	791.58	69.992	106538616225700.jpg
758	792.63	69.817	
759	793.66	69.646	
760	794.69	69.474	
761	795.72	69.303	106538616273700.jpg
762	796.75	69.13	
763	797.79	68.958	
764	798.81	68.787	
765	799.85	68.616	
766	800.88	68.444	106538616333300.jpg
767	801.91	68.271	
768	802.94	68.099	
769	803.98	67.927	
770	805.0	67.755	
771	806.03	67.584	106538616393000.jpg
772	807.08	67.408	
773	808.11	67.238	
774	809.14	67.067	
775	810.17	66.894	
776	811.21	66.721	106538616452900.jpg
777	812.26	66.546	
778	813.29	66.374	
779	814.32	66.204	
780	815.35	66.032	
781	816.38	65.86	106538616512800.jpg
782	817.41	65.688	
783	818.44	65.517	
784	819.47	65.346	
785	820.5	65.173	
786	821.53	65.002	106538616572400.jpg
787	822.56	64.83	
788	823.59	64.658	
789	824.62	64.486	
790	825.65	64.315	
791	826.68	64.144	106538616632000.jpg
792	827.71	63.972	
793	828.74	63.799	
794	829.77	63.629	
795	830.8	63.457	106538616679700.jpg
796	831.83	63.285	
797	832.86	63.113	
798	833.89	62.942	
799	834.92	62.77	
800	835.95	62.598	106538616739300.jpg
801	836.98	62.426	
802	838.01	62.255	
803	839.04	62.083	
804	840.07	61.911	
805	841.1	61.74	106538616798900.jpg
806	842.15	61.566	
807	843.18	61.394	
808	844.2	61.223	
809	845.23	61.052	
810	846.26	60.88	106538616858600.jpg
811	847.29	60.708	
812	848.33	60.537	
813	849.35	60.365	
814	850.38	60.193	
815	851.41	60.021	106538616918200.jpg
816	852.45	59.849	
817	853.47	59.679	
818	854.5	59.507	
819	855.53	59.335	
820	856.56	59.164	106538616977800.jpg
821	857.59	58.993	
822	858.62	58.821	
823	859.65	58.649	
824	860.68	58.477	106538617025500.jpg
825	861.71	58.305	
826	862.74	58.134	
827	863.77	57.961	
828	864.8	57.79	
829	865.83	57.619	106538617085100.jpg
830	866.86	57.447	
831	867.89	57.275	
832	868.92	57.105	
833	869.95	56.933	
834	870.97	56.761	106538617144700.jpg
835	872.01	56.589	
836	873.04	56.418	
837	874.07	56.246	
838	875.1	56.074	
839	876.13	55.902	106538617204300.jpg
840	877.17	55.729	
841	878.2	55.558	
842	879.23	55.386	
843	880.26	55.214	
844	881.29	55.043	106538617264100.jpg
845	882.33	54.87	
846	883.36	54.698	
847	884.38	54.527	
848	885.42	54.354	
849	886.45	54.182	106538617323700.jpg
850	887.5	54.007	
851	888.53	53.835	
852	889.56	53.664	
853	890.59	53.493	
854	891.62	53.32	106538617383600.jpg
855	892.65	53.149	
856	893.68	52.978	
857	894.71	52.806	
858	895.74	52.634	106538617431300.jpg
859	896.78	52.461	
860	897.81	52.29	
861	898.84	52.117	
862	899.87	51.945	
863	900.9	51.774	106538617491000.jpg
864	901.93	51.602	
865	902.97	51.43	
866	903.99	51.259	
867	905.02	51.088	
868	906.05	50.915	106538617550700.jpg
869	907.08	50.743	
870	908.12	50.572	
871	909.14	50.401	
872	910.17	50.229	
873	911.2	50.057	106538617610300.jpg
874	912.24	49.885	
875	913.27	49.713	
876	914.3	49.541	
877	915.33	49.37	
878	916.36	49.198	106538617669900.jpg
879	917.39	49.026	
880	918.42	48.854	
881	919.45	48.682	
882	920.48	48.51	
883	921.52	48.338	106538617729600.jpg
884	922.54	48.167	
885	923.57	47.996	
886	924.6	47.825	
887	925.63	47.652	
888	926.66	47.481	106538617789200.jpg
889	927.69	47.31	
890	928.71	47.139	
891	929.74	46.966	
892	930.78	46.795	106538617836800.jpg
893	931.81	46.623	
894	932.84	46.452	
895	933.87	46.279	
896	934.9	46.108	
897	935.93	45.937	106538617896500.jpg
898	936.97	45.762	
899	938.0	45.591	
900	939.03	45.42	
901	940.07	45.247	
902	941.09	45.075	106538617956200.jpg
903	942.15	44.9	
904	943.17	44.728	
905	944.2	44.557	
906	945.23	44.386	
907	946.26	44.214	
908	947.29	44.042	
909	948.32	43.871	
910	949.36	43.699	
911	950.39	43.526	
912	951.42	43.354	
913	952.45	43.183	
914	953.48	43.01	
915	954.52	42.838	
916	955.55	42.666	
917	956.59	42.493	
918	957.62	42.321	
919	958.66	42.149	
920	959.69	41.977	
921	960.72	41.804	
922	961.75	41.633	
923	962.79	41.46	
924	963.82	41.288	
925	964.85	41.116	
926	965.89	40.944	
927	966.92	40.772	
928	967.95	40.6	
929	968.98	40.427	
930	970.01	40.255	
931	971.04	40.084	106538618302900.jpg
932	972.07	39.913	
933	973.1	39.741	
934	974.13	39.569	
935	975.16	39.397	
936	976.2	39.226	
937	977.22	39.054	
938	978.25	38.883	
939	979.28	38.712	
940	980.31	38.541	
941	981.34	38.369	
942	982.37	38.197	
943	983.4	38.025	
944	984.43	37.853	
945	985.46	37.681	
946	986.49	37.509	
947	987.53	37.337	
948	988.56	37.165	
949	989.59	36.993	
950	990.62	36.822	
951	991.65	36.651	
952	992.68	36.478	
953	993.71	36.306	
954	994.74	36.135	
955	995.78	35.962	
956	996.81	35.79	
957	997.84	35.619	
958	998.87	35.447	
959	999.9	35.275	
960	1000.93	35.103	106538618648800.jpg
961	1001.99	34.926	
962	1003.02	34.755	
963	1004.06	34.582	
964	1005.09	34.41	
965	1006.12	34.239	
966	1007.15	34.067	
967	1008.18	33.894	
968	1009.22	33.722	
969	1010.25	33.552	
970	1011.28	33.378	
971	1012.31	33.206	
972	1013.35	33.034	
973	1014.38	32.862	
974	1015.41	32.689	
975	1016.44	32.518	
976	1017.48	32.346	
977	1018.51	32.174	
978	1019.53	32.003	
979	1020.56	31.834	
980	1021.6	31.673	
981	1022.63	31.522	
982	1023.66	31.397	
983	1024.68	31.28	
